MESH
DIMENSIONS 5 2 1
THICKNESS
121.92 91.44 45.72 60.96 76.2
152.4 152.4
15.24
TOPS
0 0 0 0 0
0 0 0 0 0

ROCK
COMPRESSIBILITY 0.000000000000
REFERENCE_PRESSURE 2.08e7
POROSITY
0.21 0.17 0.10 0.25 0.13
0.21 0.17 0.10 0.25 0.13
ABSOLUTE_PERMEABILITY
2.6943e-13 2.6943e-13 2.6943e-13 2.4476e-13 2.4476e-13 2.4476e-13 1.2533e-13 1.2533e-13 1.2533e-13 3.2864e-13 3.2864e-13 3.2864e-13 1.9541e-13 1.9541e-13 1.9541e-13
2.6943e-13 2.6943e-13 2.6943e-13 2.4476e-13 2.4476e-13 2.4476e-13 1.2533e-13 1.2533e-13 1.2533e-13 3.2864e-13 3.2864e-13 3.2864e-13 1.9541e-13 1.9541e-13 1.9541e-13

FLUIDS 2

TYPE Oil

VOLUME_FACTOR 2

0.0        1.053
31684280.0 0.99

VISCOSITY 2
0.068     0.0015
2.068e+10 0.0015

STANDARD_CONDITIONS_DENSITY 698.2

INITIAL_PRESSURE
2.068e+7 2.068e+7 2.068e+7 2.067e+7 2.068e+7
2.068e+7 2.068e+7 2.068e+7 2.067e+7 2.068e+7
INITIAL_SATURATION
0.5 0.5 0.5 0.5 0.5
0.5 0.5 0.5 0.5 0.5
PRINCIPAL 1

TYPE Water

VOLUME_FACTOR 2

0.0        1.053
31684280.0 0.99

VISCOSITY 2
0.068     0.0015
2.068e+10 0.0015

STANDARD_CONDITIONS_DENSITY 998.2

INITIAL_PRESSURE
2.068e+7 2.068e+7 2.068e+7 2.067e+7 2.068e+7
2.068e+7 2.068e+7 2.068e+7 2.067e+7 2.068e+7
INITIAL_SATURATION
0.5 0.5 0.5 0.5 0.5
0.5 0.5 0.5 0.5 0.5
PRINCIPAL 0

INTERFLUID_INTERACTIONS 1

REFERENCE_FLUID 2

WETTING_FLUID   2

NON_WETTING_FLUID 1

REFERENCE_RELATIVE_PERMEABILITY 30

0.15109	 0
0.15123	 0
0.15174	 0
0.15246	 0
0.15647	 0
0.16585	 0
0.17835	 0
0.20335	 1E-05
0.25335	 3E-05
0.35	 0.00028
0.352	 0.002292
0.354	 0.004304
0.356	 0.006316
0.358	 0.008328
0.36	 0.01034
0.364395 0.015548
0.36879	 0.020756
0.37	 0.02219
0.38	 0.03589
0.4	 0.06953
0.43345	 0.0879
0.46139	 0.10491
0.48932	 0.12329
0.51725	 0.14303
0.57312	 0.18659
0.60106	 0.21038
0.65693	 0.2619
0.7128	 0.31865
0.81111	 0.43092
0.88149	 0.49


PRINCIPAL_RELATIVE_PERMEABILITY 30

0.15109		1
0.15123		0.99997
0.15174		0.99993
0.15246		0.99991
0.15647		0.99951
0.16585		0.99629
0.17835		0.99159
0.20335		0.97883
0.25335		0.94373
0.35		0.83023
0.352		0.804277
0.354		0.778326
0.356		0.752374
0.358		0.726422
0.36		0.70047
0.364395	0.642258
0.36879		0.584046
0.37		0.56802
0.38		0.43498
0.4		0.17143
0.43345		0.12531
0.46139		0.09498
0.48932		0.07053
0.51725		0.05113
0.57312		0.02464
0.60106		0.01619
0.65693		0.00594
0.7128		0.00159
0.81111		2E-05
0.88149		0.0



CAPILLARY_PRESSURE 30

0.15109				2757904
0.15123				2476528.8444
0.15174				1778296.4992
0.15246				1284562.7356
0.15647				545099.7256
0.16585				275859.3476
0.17835				192570.6468
0.20335				140653.104
0.25335				107213.518
0.35				80358.4278
0.352				60122.3072
0.354				41003.13772
0.356				22869.91892
0.358				8032.3954
0.36				3192.27388
0.364395			-3440.48524
0.36879				-7853.13164
0.37				-8232.34344
0.38				-10666.19372
0.4				-11059.19504
0.43345				-11790.0396
0.46139				-12272.6728
0.48932				-12824.2536
0.51725				-13306.8868
0.57312				-14272.1532
0.60106				-14685.8388
0.65693				-15582.1576
0.7128				-16409.5288
0.81111				-17926.376
0.88149				-18960.59


TIME_DELTA 864
SIMULATION_TIME 1.166e+7


WELLS 1
PRODUCER
RADIUS 0.00635
NUMBER_OF_PERFORATIONS 1
POSITION 5 1 1
SKIN_FACTOR 0.0

OPERATIVE_CONDITIONS
WELL 1
TYPE FLOW
VALUE -0.000736
NEXT_TIME 1.21e+7



